06100026 00000159
06100026 00000211
06100026 00000162
06100026 00000038
06100026 00000018
06100026 00000086
06100026 00000095
06100026 00000146
06100026 00000030
06100026 00000026
06100026 00000090
06100026 00000041
06100026 00000084
06100026 00000091
06100026 00000161
06100026 00000043
06100026 00000039
06100026 00000076
06100026 00000194
06100026 00000093
06100026 00000191
06100026 00000230
06100026 00000085
06100026 00000094
06100026 00000218
06100026 00000189
06100026 00000019
06100026 00000089
06100026 00000140
06100026 00000123
06100026 00000092
06100026 00000193
06100026 00000167
06100026 00000036
06100026 00000195
06100026 00000124
06100026 00000280
06100026 00000042
06100026 00000096
06100026 00000097
06100026 00000088
06100026 00000190
06100026 00000023
06100026 00000210
06100026 00000246
06100026 00000283
06100026 00000192
06100026 00000188
06100026 00000040
06100049 00000070
06100049 00000030
06100049 00000026
06100049 00000021
06100049 00000017
06100049 00000020
06100024 00000057
06100024 00000223
06100024 00000058
06100024 00000269
06100024 00000060
06100024 00000117
06100024 00000107
06100024 00000066
06100024 00000231
06100024 00000119
06100024 00000262
06100024 00000122
06100024 00000070
06100024 00000052
06100024 00000054
06100024 00000208
06100024 00000299
06100024 00000202
06100024 00000228
06100024 00000284
06100024 00000081
06100024 00000314
06100024 00000133
06100024 00000204
06100024 00000048
06100024 00000221
06100024 00000068
06100024 00000079
06100024 00000090
06100024 00000198
06100024 00000091
06100024 00000143
06100024 00000182
06100024 00000267
06100024 00000076
06100024 00000136
06100024 00000106
06100024 00000187
06100024 00000197
06100024 00000103
06100024 00000191
06100024 00000230
06100024 00000289
06100024 00000085
06100024 00000098
06100024 00000224
06100024 00000301
06100024 00000115
06100024 00000050
06100024 00000102
06100024 00000134
06100024 00000300
06100024 00000218
06100024 00000306
06100024 00000121
06100024 00000256
06100024 00000089
06100024 00000123
06100024 00000287
06100024 00000113
06100024 00000118
06100024 00000075
06100024 00000241
06100024 00000229
06100024 00000261
06100024 00000260
06100024 00000124
06100024 00000252
06100024 00000213
06100024 00000104
06100024 00000294
06100024 00000088
06100024 00000210
06100024 00000259
06100024 00000056
06100024 00000062
06100024 00000188
06100012 00000065
06100012 00000105
06100012 00000159
06100012 00000223
06100012 00000250
06100012 00000227
06100012 00000080
06100012 00000072
06100012 00000077
06100012 00000162
06100012 00000242
06100012 00000222
06100012 00000157
06100012 00000117
06100012 00000183
06100012 00000111
06100012 00000257
06100012 00000107
06100012 00000061
06100012 00000069
06100012 00000086
06100012 00000168
06100012 00000231
06100012 00000119
06100012 00000101
06100012 00000122
06100012 00000095
06100012 00000109
06100012 00000196
06100012 00000054
06100012 00000208
06100012 00000206
06100012 00000226
06100012 00000202
06100012 00000236
06100012 00000234
06100012 00000147
06100012 00000228
06100012 00000148
06100012 00000173
06100012 00000081
06100012 00000247
06100012 00000146
06100012 00000145
06100012 00000181
06100012 00000133
06100012 00000153
06100012 00000204
06100012 00000137
06100012 00000176
06100012 00000221
06100012 00000160
06100012 00000079
06100012 00000184
06100012 00000090
06100012 00000233
06100012 00000198
06100012 00000084
06100012 00000216
06100012 00000225
06100012 00000144
06100012 00000091
06100012 00000063
06100012 00000161
06100012 00000182
06100012 00000083
06100012 00000141
06100012 00000076
06100012 00000248
06100012 00000232
06100012 00000194
06100012 00000136
06100012 00000128
06100012 00000106
06100012 00000164
06100012 00000197
06100012 00000175
06100012 00000103
06100012 00000186
06100012 00000093
06100012 00000230
06100012 00000163
06100012 00000207
06100012 00000085
06100012 00000125
06100012 00000098
06100012 00000239
06100012 00000203
06100012 00000224
06100012 00000237
06100012 00000243
06100012 00000115
06100012 00000139
06100012 00000151
06100012 00000087
06100012 00000055
06100012 00000102
06100012 00000134
06100012 00000094
06100012 00000185
06100012 00000244
06100012 00000089
06100012 00000200
06100012 00000140
06100012 00000123
06100012 00000064
06100012 00000150
06100012 00000142
06100012 00000092
06100012 00000193
06100012 00000132
06100012 00000113
06100012 00000167
06100012 00000249
06100012 00000199
06100012 00000241
06100012 00000235
06100012 00000229
06100012 00000245
06100012 00000112
06100012 00000261
06100012 00000260
06100012 00000195
06100012 00000209
06100012 00000124
06100012 00000252
06100012 00000215
06100012 00000165
06100012 00000166
06100012 00000205
06100012 00000169
06100012 00000104
06100012 00000082
06100012 00000099
06100012 00000149
06100012 00000096
06100012 00000097
06100012 00000088
06100012 00000259
06100012 00000056
06100012 00000073
06100012 00000246
06100012 00000062
06100012 00000201
06100012 00000238
06100012 00000192
06100012 00000135
06100012 00000129
06100012 00000188
06100012 00000100
06100012 00000240
06100012 00000251
06100004 00000257
06100004 00000277
06100004 00000255
06100004 00000218
06100004 00000258
06100004 00000256
06100004 00000229
06100015 00000065
06100015 00000159
06100015 00000223
06100015 00000250
06100015 00000211
06100015 00000058
06100015 00000269
06100015 00000227
06100015 00000180
06100015 00000080
06100015 00000077
06100015 00000162
06100015 00000242
06100015 00000222
06100015 00000177
06100015 00000157
06100015 00000183
06100015 00000111
06100015 00000257
06100015 00000272
06100015 00000066
06100015 00000168
06100015 00000231
06100015 00000265
06100015 00000262
06100015 00000095
06100015 00000070
06100015 00000052
06100015 00000156
06100015 00000196
06100015 00000054
06100015 00000277
06100015 00000155
06100015 00000208
06100015 00000206
06100015 00000226
06100015 00000299
06100015 00000202
06100015 00000236
06100015 00000234
06100015 00000228
06100015 00000173
06100015 00000284
06100015 00000081
06100015 00000247
06100015 00000181
06100015 00000153
06100015 00000204
06100015 00000214
06100015 00000296
06100015 00000137
06100015 00000176
06100015 00000174
06100015 00000221
06100015 00000212
06100015 00000068
06100015 00000078
06100015 00000160
06100015 00000013
06100015 00000067
06100015 00000079
06100015 00000275
06100015 00000184
06100015 00000233
06100015 00000291
06100015 00000084
06100015 00000216
06100015 00000225
06100015 00000063
06100015 00000161
06100015 00000182
06100015 00000279
06100015 00000285
06100015 00000083
06100015 00000267
06100015 00000274
06100015 00000292
06100015 00000141
06100015 00000076
06100015 00000248
06100015 00000232
06100015 00000293
06100015 00000194
06100015 00000220
06100015 00000053
06100015 00000266
06100015 00000164
06100015 00000187
06100015 00000255
06100015 00000175
06100015 00000186
06100015 00000093
06100015 00000191
06100015 00000273
06100015 00000230
06100015 00000163
06100015 00000289
06100015 00000170
06100015 00000207
06100015 00000270
06100015 00000085
06100015 00000098
06100015 00000239
06100015 00000203
06100015 00000224
06100015 00000172
06100015 00000301
06100015 00000237
06100015 00000243
06100015 00000139
06100015 00000288
06100015 00000171
06100015 00000094
06100015 00000300
06100015 00000218
06100015 00000189
06100015 00000185
06100015 00000244
06100015 00000298
06100015 00000286
06100015 00000140
06100015 00000064
06100015 00000150
06100015 00000142
06100015 00000282
06100015 00000287
06100015 00000092
06100015 00000193
06100015 00000113
06100015 00000167
06100015 00000249
06100015 00000074
06100015 00000154
06100015 00000276
06100015 00000075
06100015 00000241
06100015 00000253
06100015 00000235
06100015 00000229
06100015 00000179
06100015 00000278
06100015 00000268
06100015 00000245
06100015 00000112
06100015 00000138
06100015 00000195
06100015 00000264
06100015 00000209
06100015 00000290
06100015 00000252
06100015 00000215
06100015 00000217
06100015 00000165
06100015 00000166
06100015 00000213
06100015 00000205
06100015 00000169
06100015 00000297
06100015 00000152
06100015 00000271
06100015 00000219
06100015 00000158
06100015 00000294
06100015 00000082
06100015 00000280
06100015 00000295
06100015 00000099
06100015 00000071
06100015 00000096
06100015 00000059
06100015 00000097
06100015 00000190
06100015 00000012
06100015 00000210
06100015 00000056
06100015 00000246
06100015 00000263
06100015 00000283
06100015 00000254
06100015 00000201
06100015 00000238
06100015 00000192
06100015 00000178
06100015 00000129
06100015 00000188
06100015 00000240
06100015 00000051
06100015 00000251
06100020 00000159
06100020 00000211
06100020 00000328
06100020 00000227
06100020 00000180
06100020 00000080
06100020 00000077
06100020 00000162
06100020 00000242
06100020 00000222
06100020 00000177
06100020 00000347
06100020 00000330
06100020 00000157
06100020 00000018
06100020 00000183
06100020 00000350
06100020 00000006
06100020 00000231
06100020 00000119
06100020 00000101
06100020 00000122
06100020 00000052
06100020 00000008
06100020 00000156
06100020 00000196
06100020 00000155
06100020 00000208
06100020 00000206
06100020 00000004
06100020 00000202
06100020 00000236
06100020 00000234
06100020 00000228
06100020 00000173
06100020 00000081
06100020 00000346
06100020 00000001
06100020 00000181
06100020 00000324
06100020 00000133
06100020 00000153
06100020 00000204
06100020 00000176
06100020 00000003
06100020 00000221
06100020 00000212
06100020 00000007
06100020 00000333
06100020 00000355
06100020 00000005
06100020 00000323
06100020 00000160
06100020 00000013
06100020 00000026
06100020 00000184
06100020 00000233
06100020 00000198
06100020 00000216
06100020 00000225
06100020 00000329
06100020 00000359
06100020 00000161
06100020 00000182
06100020 00000332
06100020 00000076
06100020 00000232
06100020 00000194
06100020 00000281
06100020 00000128
06100020 00000014
06100020 00000351
06100020 00000053
06100020 00000187
06100020 00000197
06100020 00000331
06100020 00000103
06100020 00000186
06100020 00000191
06100020 00000230
06100020 00000327
06100020 00000207
06100020 00000017
06100020 00000125
06100020 00000098
06100020 00000029
06100020 00000239
06100020 00000343
06100020 00000203
06100020 00000015
06100020 00000172
06100020 00000344
06100020 00000127
06100020 00000237
06100020 00000243
06100020 00000102
06100020 00000134
06100020 00000345
06100020 00000094
06100020 00000342
06100020 00000131
06100020 00000189
06100020 00000185
06100020 00000121
06100020 00000244
06100020 00000126
06100020 00000089
06100020 00000200
06100020 00000120
06100020 00000123
06100020 00000363
06100020 00000142
06100020 00000193
06100020 00000367
06100020 00000132
06100020 00000199
06100020 00000358
06100020 00000074
06100020 00000154
06100020 00000118
06100020 00000075
06100020 00000352
06100020 00000241
06100020 00000235
06100020 00000229
06100020 00000354
06100020 00000130
06100020 00000360
06100020 00000337
06100020 00000349
06100020 00000195
06100020 00000348
06100020 00000124
06100020 00000217
06100020 00000205
06100020 00000169
06100020 00000322
06100020 00000364
06100020 00000152
06100020 00000158
06100020 00000353
06100020 00000082
06100020 00000099
06100020 00000088
06100020 00000190
06100020 00000023
06100020 00000357
06100020 00000210
06100020 00000356
06100020 00000362
06100020 00000020
06100020 00000283
06100020 00000201
06100020 00000238
06100020 00000366
06100020 00000192
06100020 00000135
06100020 00000129
06100020 00000188
06100020 00000100
06100020 00000240
06100014 00000057
06100014 00000105
06100014 00000180
06100014 00000080
06100014 00000072
06100014 00000060
06100014 00000077
06100014 00000025
06100014 00000177
06100014 00000049
06100014 00000117
06100014 00000111
06100014 00000107
06100014 00000066
06100014 00000061
06100014 00000069
06100014 00000086
06100014 00000168
06100014 00000119
06100014 00000095
06100014 00000070
06100014 00000052
06100014 00000109
06100014 00000110
06100014 00000147
06100014 00000148
06100014 00000173
06100014 00000081
06100014 00000146
06100014 00000145
06100014 00000181
06100014 00000133
06100014 00000153
06100014 00000030
06100014 00000137
06100014 00000176
06100014 00000048
06100014 00000174
06100014 00000007
06100014 00000068
06100014 00000005
06100014 00000078
06100014 00000067
06100014 00000079
06100014 00000184
06100014 00000084
06100014 00000031
06100014 00000144
06100014 00000091
06100014 00000116
06100014 00000063
06100014 00000143
06100014 00000161
06100014 00000182
06100014 00000043
06100014 00000083
06100014 00000108
06100014 00000141
06100014 00000076
06100014 00000044
06100014 00000136
06100014 00000128
06100014 00000106
06100014 00000164
06100014 00000175
06100014 00000103
06100014 00000093
06100014 00000163
06100014 00000170
06100014 00000085
06100014 00000125
06100014 00000098
06100014 00000172
06100014 00000127
06100014 00000115
06100014 00000139
06100014 00000050
06100014 00000087
06100014 00000055
06100014 00000171
06100014 00000134
06100014 00000094
06100014 00000121
06100014 00000126
06100014 00000089
06100014 00000140
06100014 00000120
06100014 00000123
06100014 00000032
06100014 00000142
06100014 00000092
06100014 00000113
06100014 00000167
06100014 00000074
06100014 00000118
06100014 00000075
06100014 00000045
06100014 00000179
06100014 00000130
06100014 00000112
06100014 00000138
06100014 00000124
06100014 00000114
06100014 00000046
06100014 00000165
06100014 00000033
06100014 00000166
06100014 00000169
06100014 00000104
06100014 00000082
06100014 00000071
06100014 00000149
06100014 00000096
06100014 00000097
06100014 00000088
06100014 00000023
06100014 00000056
06100014 00000073
06100014 00000062
06100014 00000178
06100014 00000135
06100014 00000037
06100014 00000129
06100014 00000047
06100014 00000051
06100025 00000065
06100025 00000309
06100025 00000223
06100025 00000250
06100025 00000269
06100025 00000080
06100025 00000072
06100025 00000060
06100025 00000077
06100025 00000222
06100025 00000312
06100025 00000157
06100025 00000117
06100025 00000272
06100025 00000086
06100025 00000231
06100025 00000265
06100025 00000054
06100025 00000206
06100025 00000202
06100025 00000236
06100025 00000234
06100025 00000228
06100025 00000081
06100025 00000247
06100025 00000145
06100025 00000133
06100025 00000214
06100025 00000221
06100025 00000078
06100025 00000079
06100025 00000275
06100025 00000184
06100025 00000233
06100025 00000084
06100025 00000216
06100025 00000091
06100025 00000116
06100025 00000063
06100025 00000083
06100025 00000267
06100025 00000274
06100025 00000076
06100025 00000248
06100025 00000232
06100025 00000220
06100025 00000053
06100025 00000266
06100025 00000187
06100025 00000186
06100025 00000093
06100025 00000273
06100025 00000230
06100025 00000207
06100025 00000270
06100025 00000085
06100025 00000224
06100025 00000172
06100025 00000115
06100025 00000311
06100025 00000218
06100025 00000189
06100025 00000256
06100025 00000200
06100025 00000249
06100025 00000276
06100025 00000075
06100025 00000235
06100025 00000229
06100025 00000268
06100025 00000264
06100025 00000252
06100025 00000217
06100025 00000114
06100025 00000213
06100025 00000205
06100025 00000271
06100025 00000219
06100025 00000082
06100025 00000149
06100025 00000088
06100025 00000308
06100025 00000073
06100025 00000178
06100025 00000251
06100007 00000065
06100007 00000080
06100007 00000072
06100007 00000077
06100007 00000117
06100007 00000066
06100007 00000069
06100007 00000086
06100007 00000119
06100007 00000101
06100007 00000122
06100007 00000095
06100007 00000109
06100007 00000110
06100007 00000081
06100007 00000133
06100007 00000078
06100007 00000079
06100007 00000090
06100007 00000084
06100007 00000091
06100007 00000116
06100007 00000108
06100007 00000128
06100007 00000106
06100007 00000103
06100007 00000093
06100007 00000085
06100007 00000125
06100007 00000098
06100007 00000127
06100007 00000115
06100007 00000087
06100007 00000102
06100007 00000094
06100007 00000131
06100007 00000121
06100007 00000126
06100007 00000120
06100007 00000123
06100007 00000064
06100007 00000092
06100007 00000132
06100007 00000074
06100007 00000118
06100007 00000075
06100007 00000130
06100007 00000124
06100007 00000114
06100007 00000104
06100007 00000099
06100007 00000071
06100007 00000096
06100007 00000073
06100007 00000129
06100007 00000100
06100053 00000065
06100053 00000057
06100053 00000058
06100053 00000072
06100053 00000060
06100053 00000077
06100053 00000049
06100053 00000038
06100053 00000066
06100053 00000061
06100053 00000069
06100053 00000035
06100053 00000070
06100053 00000052
06100053 00000054
06100053 00000048
06100053 00000068
06100053 00000078
06100053 00000067
06100053 00000079
06100053 00000090
06100053 00000041
06100053 00000084
06100053 00000031
06100053 00000091
06100053 00000063
06100053 00000043
06100053 00000039
06100053 00000076
06100053 00000044
06100053 00000053
06100053 00000085
06100053 00000050
06100053 00000055
06100053 00000064
06100053 00000092
06100053 00000074
06100053 00000075
06100053 00000045
06100053 00000046
06100053 00000071
06100053 00000042
06100053 00000059
06100053 00000056
06100053 00000073
06100053 00000062
06100053 00000047
06100053 00000051
06100053 00000040
06100021 00000159
06100021 00000250
06100021 00000080
06100021 00000052
06100021 00000109
06100021 00000054
06100021 00000155
06100021 00000234
06100021 00000148
06100021 00000173
06100021 00000081
06100021 00000078
06100021 00000083
06100021 00000106
06100021 00000053
06100021 00000139
06100021 00000151
06100021 00000050
06100021 00000134
06100021 00000189
06100021 00000244
06100021 00000092
06100021 00000036
06100021 00000138
06100021 00000252
06100021 00000215
06100021 00000152
06100021 00000082
06100021 00000240
06100021 00000051
06100009 00000105
06100009 00000159
06100009 00000250
06100009 00000180
06100009 00000080
06100009 00000077
06100009 00000177
06100009 00000117
06100009 00000111
06100009 00000107
06100009 00000086
06100009 00000168
06100009 00000119
06100009 00000101
06100009 00000122
06100009 00000095
06100009 00000070
06100009 00000109
06100009 00000110
06100009 00000202
06100009 00000081
06100009 00000181
06100009 00000133
06100009 00000153
06100009 00000176
06100009 00000078
06100009 00000160
06100009 00000079
06100009 00000090
06100009 00000084
06100009 00000091
06100009 00000116
06100009 00000161
06100009 00000182
06100009 00000083
06100009 00000076
06100009 00000248
06100009 00000194
06100009 00000128
06100009 00000106
06100009 00000164
06100009 00000103
06100009 00000093
06100009 00000163
06100009 00000170
06100009 00000085
06100009 00000125
06100009 00000098
06100009 00000127
06100009 00000115
06100009 00000151
06100009 00000087
06100009 00000102
06100009 00000094
06100009 00000131
06100009 00000185
06100009 00000121
06100009 00000126
06100009 00000089
06100009 00000120
06100009 00000123
06100009 00000092
06100009 00000132
06100009 00000113
06100009 00000249
06100009 00000074
06100009 00000118
06100009 00000075
06100009 00000179
06100009 00000130
06100009 00000112
06100009 00000124
06100009 00000114
06100009 00000165
06100009 00000169
06100009 00000104
06100009 00000158
06100009 00000082
06100009 00000099
06100009 00000071
06100009 00000096
06100009 00000097
06100009 00000088
06100009 00000073
06100009 00000238
06100009 00000129
06100009 00000100
06100011 00000065
06100011 00000057
06100011 00000105
06100011 00000058
06100011 00000080
06100011 00000072
06100011 00000060
06100011 00000077
06100011 00000025
06100011 00000049
06100011 00000038
06100011 00000117
06100011 00000018
06100011 00000066
06100011 00000086
06100011 00000035
06100011 00000119
06100011 00000101
06100011 00000122
06100011 00000095
06100011 00000052
06100011 00000008
06100011 00000109
06100011 00000054
06100011 00000110
06100011 00000081
06100011 00000010
06100011 00000016
06100011 00000024
06100011 00000030
06100011 00000068
06100011 00000078
06100011 00000013
06100011 00000067
06100011 00000079
06100011 00000026
06100011 00000090
06100011 00000041
06100011 00000084
06100011 00000031
06100011 00000091
06100011 00000116
06100011 00000063
06100011 00000034
06100011 00000021
06100011 00000043
06100011 00000009
06100011 00000083
06100011 00000039
06100011 00000011
06100011 00000108
06100011 00000076
06100011 00000044
06100011 00000106
06100011 00000187
06100011 00000103
06100011 00000093
06100011 00000085
06100011 00000017
06100011 00000098
06100011 00000029
06100011 00000015
06100011 00000115
06100011 00000050
06100011 00000087
06100011 00000055
06100011 00000102
06100011 00000094
06100011 00000121
06100011 00000022
06100011 00000019
06100011 00000089
06100011 00000123
06100011 00000032
06100011 00000092
06100011 00000113
06100011 00000334
06100011 00000036
06100011 00000074
06100011 00000118
06100011 00000075
06100011 00000045
06100011 00000112
06100011 00000114
06100011 00000046
06100011 00000033
06100011 00000104
06100011 00000082
06100011 00000071
06100011 00000042
06100011 00000096
06100011 00000059
06100011 00000097
06100011 00000088
06100011 00000028
06100011 00000023
06100011 00000012
06100011 00000056
06100011 00000027
06100011 00000020
06100011 00000073
06100011 00000062
06100011 00000037
06100011 00000100
06100011 00000051
06100011 00000040
06100023 00000065
06100023 00000250
06100023 00000211
06100023 00000072
06100023 00000162
06100023 00000242
06100023 00000069
06100023 00000086
06100023 00000168
06100023 00000095
06100023 00000156
06100023 00000305
06100023 00000155
06100023 00000236
06100023 00000234
06100023 00000147
06100023 00000228
06100023 00000173
06100023 00000284
06100023 00000146
06100023 00000214
06100023 00000212
06100023 00000160
06100023 00000275
06100023 00000233
06100023 00000083
06100023 00000108
06100023 00000248
06100023 00000232
06100023 00000128
06100023 00000164
06100023 00000103
06100023 00000273
06100023 00000163
06100023 00000289
06100023 00000239
06100023 00000301
06100023 00000127
06100023 00000237
06100023 00000115
06100023 00000151
06100023 00000087
06100023 00000102
06100023 00000131
06100023 00000189
06100023 00000306
06100023 00000256
06100023 00000298
06100023 00000200
06100023 00000064
06100023 00000150
06100023 00000167
06100023 00000249
06100023 00000154
06100023 00000276
06100023 00000241
06100023 00000235
06100023 00000229
06100023 00000278
06100023 00000245
06100023 00000261
06100023 00000195
06100023 00000124
06100023 00000252
06100023 00000114
06100023 00000165
06100023 00000297
06100023 00000104
06100023 00000280
06100023 00000190
06100023 00000210
06100023 00000246
06100023 00000062
06100023 00000201
06100023 00000100
06100023 00000240
06100023 00000251
06100010 00000065
06100010 00000057
06100010 00000105
06100010 00000058
06100010 00000180
06100010 00000080
06100010 00000072
06100010 00000060
06100010 00000077
06100010 00000162
06100010 00000177
06100010 00000049
06100010 00000117
06100010 00000111
06100010 00000107
06100010 00000066
06100010 00000061
06100010 00000069
06100010 00000086
06100010 00000168
06100010 00000119
06100010 00000101
06100010 00000122
06100010 00000095
06100010 00000070
06100010 00000052
06100010 00000109
06100010 00000054
06100010 00000110
06100010 00000147
06100010 00000148
06100010 00000173
06100010 00000081
06100010 00000146
06100010 00000010
06100010 00000016
06100010 00000145
06100010 00000133
06100010 00000024
06100010 00000137
06100010 00000176
06100010 00000048
06100010 00000174
06100010 00000068
06100010 00000078
06100010 00000013
06100010 00000067
06100010 00000079
06100010 00000090
06100010 00000084
06100010 00000144
06100010 00000091
06100010 00000116
06100010 00000063
06100010 00000143
06100010 00000009
06100010 00000083
06100010 00000011
06100010 00000108
06100010 00000141
06100010 00000076
06100010 00000136
06100010 00000128
06100010 00000014
06100010 00000106
06100010 00000053
06100010 00000164
06100010 00000103
06100010 00000093
06100010 00000170
06100010 00000085
06100010 00000017
06100010 00000125
06100010 00000098
06100010 00000127
06100010 00000115
06100010 00000139
06100010 00000050
06100010 00000087
06100010 00000055
06100010 00000102
06100010 00000134
06100010 00000094
06100010 00000131
06100010 00000121
06100010 00000126
06100010 00000022
06100010 00000089
06100010 00000140
06100010 00000120
06100010 00000123
06100010 00000064
06100010 00000142
06100010 00000092
06100010 00000132
06100010 00000113
06100010 00000167
06100010 00000074
06100010 00000154
06100010 00000118
06100010 00000075
06100010 00000130
06100010 00000112
06100010 00000138
06100010 00000124
06100010 00000114
06100010 00000165
06100010 00000166
06100010 00000169
06100010 00000152
06100010 00000104
06100010 00000082
06100010 00000099
06100010 00000071
06100010 00000096
06100010 00000059
06100010 00000097
06100010 00000088
06100010 00000028
06100010 00000012
06100010 00000056
06100010 00000073
06100010 00000062
06100010 00000178
06100010 00000135
06100010 00000129
06100010 00000047
06100010 00000051
06100037 00000058
06100037 00000018
06100037 00000035
06100037 00000008
06100037 00000010
06100037 00000016
06100037 00000007
06100037 00000013
06100037 00000009
06100037 00000011
06100037 00000014
06100037 00000017
06100037 00000015
06100037 00000019
06100037 00000045
06100037 00000012
06100022 00000077
06100022 00000038
06100022 00000111
06100022 00000069
06100022 00000156
06100022 00000109
06100022 00000155
06100022 00000153
06100022 00000068
06100022 00000067
06100022 00000116
06100022 00000141
06100022 00000087
06100022 00000134
06100022 00000089
06100022 00000064
06100022 00000150
06100022 00000154
06100022 00000075
06100022 00000166
06100022 00000149
06100022 00000059
06100022 00000129
06100022 00000047
06100022 00000040
